
[case]
rpm = 16500
v_inf = 49.5

[rotor]
nblades = 4
diameter = 0.236
radius_hub = 0.041125
radius = 0.041125 0.048812 0.056500 0.064187 0.071875 0.079562 0.087250 0.094937 0.102625 0.110312 0.11682
chord = 0.0056945  0.01065952 0.01370644 0.01518401 0.0154422  0.01483051 0.01369835 0.01239558 0.01127144 0.01067578 0.01084368
pitch = 25.16572258 47.40548618 46.73778061 41.07045605 38.2182601 37.03893103 35.33407898 33.55007597 32.79341422 34.17105499 37.82646732
section = NACA_4412 NACA_4412 NACA_4412 NACA_4412 NACA_4412 NACA_4412 NACA_4412 NACA_4412 NACA_4412 NACA_4412 NACA_4412

[fluid]
rho = 1.225
mu = 1.78857e-05

